pi = 3.14
half = 0.5
euler = 2.71828
digits = 123.456789
zero = 0.0
kilo_point_one = 1000.1
